PID,Sale_Price
527145080,180492.5989921
527162130,194704.688765588
527166040,169215.126888559
527358140,208732.511253847
527358200,160994.002343372
527402200,150057.043397004
527454200,143188.708376989
528108120,394200.876871899
528112020,301106.444133207
528120100,224629.453634796
528175010,219764.344213096
528181050,204884.507474734
528188120,168856.284668488
528231020,177178.717840236
528240130,187848.243768719
528344070,377953.13376932
528358010,234641.750188014
528382030,214967.905356392
528458070,212339.890571483
528458110,255514.771123884
528477080,237540.119436462
531451280,211828.983370943
531452020,126376.366302921
531452050,120873.332325544
531453010,140737.460452691
531453040,155640.204101117
531477050,88519.7279213657
532354090,152452.807301873
532377100,130062.102428028
532378110,138597.818613131
532479070,182761.312883046
533130020,230925.772864676
533205060,245853.903940947
533208090,175385.777733333
533210060,157654.107931785
533212010,147926.305075012
533213030,257855.475221082
533221090,166847.196112596
533221110,175433.118959511
533223020,163540.206098676
533253210,198003.721940192
534152070,210757.382705956
534152100,189881.730234362
534403410,165668.338955208
534427010,147254.772210381
534430080,139077.790059621
534431050,217449.613939867
534475100,127950.096957642
534476260,152839.016205998
535101020,164140.832329424
535125010,254860.603826237
535154050,130302.3353936
535179020,176826.595133192
535302200,124207.598386338
535325400,100780.337122633
535350030,149438.81651785
535353190,120790.939657881
535377090,143614.436953488
535457010,140995.932368751
902104060,99722.0730724559
902128170,104867.551113639
902402010,144419.553059534
902402130,110842.834153351
903425110,134689.332636762
903430080,121367.480943159
903450110,92503.8170438719
903476030,161211.86344646
904302260,107806.04255347
905107320,138187.883728638
905202090,131301.642680294
905378040,139230.403885875
905453040,172682.976158874
906201120,228507.646161904
906378100,244925.073110255
906380190,186228.265047706
906385010,203093.979233354
906402200,356215.732587849
906477110,148962.860191304
907200340,136026.537997259
907203070,129670.612212143
907262050,227074.528442041
907280040,231749.128018417
907290170,141035.873892255
907401090,239479.666641796
907414030,183147.434517259
908102110,94344.3053209617
908102130,108609.618549923
908102170,145280.991463173
908103350,126439.294394046
908203100,98000.6300792085
908275300,129226.310078297
909176140,151886.54849186
909455030,194991.411413289
910205120,114899.216639781
911202100,78961.7702410909
911370510,254882.236551364
914476520,205081.362828885
914478045,154869.096849468
923204150,134316.318219441
923228270,76426.3953637259
924151040,286075.652424988
924152030,219408.549981684
526302110,120871.833775529
526355080,339013.162262304
527105130,262507.260445211
527108070,354981.318170046
527110020,166117.33223755
527162120,187842.152901922
527163130,185113.615219932
527164090,162998.506146653
527165130,169762.105819937
527258020,243623.539106521
527301320,248554.893300595
527356040,149420.718086812
527359180,184679.13602158
527364030,250583.182747833
527375180,155030.315601606
527376100,149163.586929148
527402220,134314.140638703
527404020,130983.096908088
527405130,113686.622793662
527405180,121120.963196804
527425060,112387.318208695
527451650,116667.33027885
527452060,125303.600191709
527453050,143723.773749807
527454130,144394.213106666
527455050,149910.145948068
527455060,147336.526957635
527455090,120257.041284983
527455240,119549.795940846
528108010,263386.444028549
528108020,398435.103298084
528108070,352333.39286264
528108140,402426.485908633
528110020,510604.502187745
528110090,485794.119961054
528138010,361965.437048806
528142150,255889.82268155
528174060,202587.543041031
528180120,347669.119439086
528180130,251884.661718967
528186010,286727.349284525
528188060,179063.231370369
528218090,173402.655640749
528220040,176664.105713438
528228295,213561.243338498
528228450,201523.29067654
528240150,190214.856945426
528290180,185309.852991292
528315090,360666.724468878
528321010,369346.824880376
528327070,345004.33317404
528354050,293630.204423573
528385050,244788.234201765
528387030,253362.706114108
528431070,265941.502117883
528435050,281321.284118268
528480040,253559.223824027
528480130,210067.697596802
528482040,291785.322217917
531363010,185954.428057429
531363030,170676.367099082
531369010,199069.699988025
531369020,242060.297825792
531371050,180381.608536227
531375090,133703.509593807
531379050,229227.921146922
531450120,196819.34214998
531452010,131914.512975523
531479020,77140.788329289
532376070,122005.983889673
532376110,130938.010276904
532378120,122175.862494751
532378180,116272.572235081
532478020,305147.495188745
533206020,261031.874732564
533221040,173276.854985381
533236050,198318.753672608
533254050,200265.902624919
533254110,170045.987790105
533352150,153624.773359309
534128190,223356.091169531
534152120,161189.418441482
534275060,127702.752240058
534276040,116893.746638099
534278070,156954.728973273
534278230,144602.159622314
534426110,140382.500363659
534475250,170310.203148622
535126100,125783.707918011
535151040,150283.320598336
535154060,164812.965327596
535178120,131678.96779259
535179160,130652.98792547
535303110,135174.330888084
535351050,164495.771608261
535353060,115146.028317023
535353140,100072.378365125
535353240,168535.648910473
535383110,93015.03929054
535402270,128275.211770787
535452100,113468.258031032
535453200,142459.046580859
535476110,144527.986641397
902101010,115529.359131989
902105060,127690.695912549
902109140,123440.855549641
902110080,135537.318741393
902204080,94923.7086517347
902325070,114727.529193962
902327070,145283.901058063
902329080,130290.654914039
902405100,160048.551997539
902406070,163579.981778978
903202170,134019.212979178
903228070,108990.93627053
903232060,97264.2302100336
903400220,172927.374306603
903429080,167048.601701227
903430060,108232.215340938
903430070,83934.7724367307
903476090,129547.995997312
903481120,129013.65009447
904301100,143954.091357837
904351240,84667.7376202838
905108190,136133.343594112
905225090,174853.859976084
905228050,54543.0161765198
905325020,253920.749813729
905377010,133623.712404094
905377130,109944.907694935
905402070,111464.654760076
905450020,147619.506616464
905452040,155990.596021696
906201130,273988.811935693
906203120,315323.402247862
906223080,224327.815652789
906226060,170009.017393646
906226110,119204.157429162
906230020,263472.112003986
906378110,239916.967088287
906380050,210895.108510386
906380060,301332.234528589
906380210,211371.306539066
906392070,196024.533623675
906426210,232770.463804473
907126010,160431.510721995
907126050,146058.115438307
907135170,146821.892758113
907181100,207171.553572503
907194010,217783.74593017
907201220,134536.692432567
907202080,136026.019098186
907227110,129332.833156794
907252060,240486.215931992
907252210,249131.331870792
907285020,232103.683106185
907290070,174296.625363507
908102050,111957.809719026
908128060,210984.024609018
908154040,293533.890733901
908275040,122912.239966034
908276150,68925.6911639866
909101100,133864.906576669
909101140,133987.136337448
909129090,118300.757214479
909129100,128545.239353934
909179020,207391.17482464
909253180,151083.456340113
909254010,138643.956126526
909257050,263116.307714556
909275080,176876.686816597
909277090,140641.795759837
909277100,129403.773911368
909278020,142247.398943106
909279010,202157.351986073
909282130,144126.35013096
909425060,183021.196690972
909428240,221407.936610358
909451040,120609.528360094
909451140,125348.659348522
909451180,130265.557851539
912251110,54106.0189206665
914465040,322329.189047048
914465055,243967.408741296
914476020,130722.907451479
916176030,143728.982339709
916382100,411902.577151782
916455070,207940.949616381
916460110,196992.291221395
916475040,389577.830866592
923228110,73876.6191844987
923230200,125234.787769988
527105050,183211.02288718
527106150,198970.434419301
527107210,196889.555051092
527131110,254133.210950364
527326130,152624.610009429
527357180,279295.519819909
527358120,152362.401335012
527359030,154569.419272563
527401130,140467.271472369
527402060,149191.471217567
527450520,101477.431736986
527451400,93072.8048614914
527452150,129150.786150858
527453160,144594.29934411
527454120,130491.232221264
528104050,431964.229021936
528108150,278261.045396559
528120130,373177.755913391
528178090,386433.693559502
528180110,349675.872124158
528181010,197656.954449326
528186030,304658.697052217
528186170,209604.630840605
528188090,169479.182657483
528188150,184776.734358481
528228345,236233.893468293
528228465,173353.547807013
528228540,168329.400308011
528235180,182521.988702174
528240050,187400.554689296
528315060,246262.915504624
528326030,286222.195898152
528363020,310818.985193062
528427010,242686.701461226
528427070,240456.173544536
528429070,255795.154403407
528431060,239441.072584354
528431080,224046.666567341
528435020,270597.190434223
528439010,226600.983684493
528458050,216132.83854639
528478030,256301.842006783
528490080,205853.989794456
531371070,197494.910598955
531373060,183710.713816682
531375050,144404.265925422
531375120,158854.695899892
531450030,194158.9843823
531450090,173237.199599058
531452140,156920.904103735
532477030,177721.097707451
533213070,170595.652435322
533215020,261541.203113574
533215040,252071.138275243
533215070,250638.391995087
533215080,250083.745955731
533217060,165708.000105524
533234020,222935.369182881
533236060,196728.515562422
534126090,170065.773497021
534127210,170565.231614538
534127230,164285.692843151
534128050,154226.632048655
534129060,198018.829001606
534175140,140888.267672413
534251280,166105.292614538
534252090,177665.683757199
534277070,115896.169842
534400060,159106.377834327
534401130,150664.033538844
534426040,146223.548510426
534427040,150291.203478938
535104020,155242.031137377
535105090,155288.377810045
535126140,222724.986854989
535150280,131488.47701679
535152200,136077.529483459
535153140,175293.64118082
535178060,133978.83088898
535180100,138720.401035803
535354200,144068.220676443
535375140,86829.5425077565
535380050,146763.655879417
535380140,138773.06407491
535403010,135628.217906128
535451230,106668.408553349
535453020,152035.817601541
535453040,129115.44183296
535454150,132184.63764008
535476370,177145.602659926
535477090,125339.335435146
902102060,156088.960174516
902103150,127429.876326597
902105010,104115.489176031
902128075,107067.924396443
902136110,103510.083949589
902201120,102727.38620315
902201140,142462.035521959
902205140,110760.835118704
902300260,122594.637909476
902301140,75863.1055918577
902305080,140825.937717709
902306120,136961.812897138
902330010,142203.859489006
902402260,69303.634669857
902427045,99187.9869136773
903225160,119762.045653147
903226150,112427.94711143
903228040,148725.238039643
903231080,110446.821279575
903232090,152346.564010301
903401050,140831.712825556
903426160,161539.978284829
903429010,117061.977253153
903458110,105692.9605736
903481010,83880.9984641309
904100020,108948.016736596
905108170,148103.740817928
905200100,126842.317171825
905200510,138208.312104968
905201020,139140.009748959
905201120,154877.220269915
905202230,206592.878165548
905226030,100121.349245736
905401045,202377.254695171
905403060,112691.909606268
905426030,191082.120475137
905477050,124454.226397065
906378190,168340.798425125
906476030,202630.631788364
907135020,151261.938183556
907135260,148636.475552623
907194020,212883.496031857
907201060,142557.85070952
907202190,122234.367521151
907227300,121913.401272264
907254020,244001.612960195
907254090,242000.746706531
907290150,138603.63453107
907295100,242391.789599853
907405020,218057.659741398
907412070,201624.983559339
907412080,190874.12697182
907418040,192501.471618775
907425035,149314.879053977
908152110,149195.881965071
908201110,81513.7496855743
908201120,106658.541498343
908275180,121220.92052824
909101060,67037.059327747
909131170,129817.855351056
909250230,174394.225119695
909252110,176142.252969102
909253190,98604.6510757964
909256060,113570.889169302
909275040,143226.129443805
909276170,182199.728243407
909277070,119949.388755127
909282030,350409.957290453
909425010,248227.755954587
909451020,125378.070080389
910203020,92524.0212898254
910226040,149811.960847511
911102180,74838.3253281252
911226010,101337.009620804
911370410,274196.098109011
911370540,252255.58774844
914467050,222601.400223869
914476010,164529.189460885
916125425,241941.671704577
916384100,237186.759965195
916386180,221917.819180374
921126030,247194.698144873
923202005,211260.466947998
923202015,212393.763228928
923202137,106919.460386728
923225200,126571.279840549
923426010,138299.947443441
924100020,165232.062005086
1007100110,117091.006992338
526355190,279853.29480818
527105140,188760.693732895
527158090,179784.81004042
527165020,170912.383382443
527175130,163434.496621861
527182040,151115.302350999
527184110,212944.817361811
527226040,180576.962968646
527252050,280673.844338189
527252070,235607.966837615
527301080,186973.902465119
527302090,205533.848566412
527353080,178070.586267773
527404100,120912.416458751
527404140,115969.472547661
527450150,114342.387932526
527451020,111895.686071715
527452100,132825.821706335
527453010,159693.766045576
527455250,123344.831460572
528102090,347471.23260067
528102120,281925.044485538
528106050,455470.012515876
528108160,299202.889365725
528110040,478265.772977667
528168040,297212.146802188
528172070,223719.353532068
528174010,197378.735408718
528174030,200215.10614104
528181070,214647.509703342
528181080,205883.635896109
528186050,276831.200692246
528186090,282735.759451548
528222030,175472.607633258
528222060,180178.904678664
528228270,195889.793643537
528231010,234230.147718422
528235000,175785.65194924
528250010,168563.296414548
528250070,207091.946472749
528275035,170275.773490303
528290170,190289.609675906
528340030,384514.004115588
528366050,347674.424489318
528366070,265389.434507013
528376010,328827.33630043
528427040,202333.062065276
528431030,212549.787455747
528431040,411818.914795795
528431110,303747.749817306
528435040,343406.694825424
528439040,227744.236374848
528439050,218806.961891681
528445020,226828.438686478
528456190,210539.015537587
528477020,246220.410487447
531363040,146293.150442008
531375140,160112.823894587
532353120,123060.258448017
532354010,134417.422436672
532354060,126950.99140105
532376040,129728.252225284
532479120,190747.292998924
533120030,316295.910272293
533130170,309936.611770325
533213130,175974.686345934
533221060,167036.494582951
533221100,174832.183347221
533250190,260651.523773273
533252130,199658.908141357
533254100,179111.223609962
533254130,174108.231260979
533350020,373908.75730761
533352075,199629.016076316
534125120,140857.905240491
534127260,161885.588149303
534151090,202014.736032284
534252040,140387.989517561
534252070,98873.2088671976
534275220,126978.598339524
534276070,136823.689843909
534278170,137505.471921391
534401120,149489.98850727
534403290,202646.671644401
534450110,59941.3294914629
534479120,132822.40159085
535101150,138440.088879757
535102010,152788.446324306
535106180,142243.736232606
535151100,130199.483766699
535180030,134202.74686337
535302070,126228.813188181
535354050,135505.395661831
535379110,144137.621438742
535450190,119590.162850163
535450220,125160.999798378
535451110,141455.066760507
535477130,158861.816354715
902100010,108721.955378707
902107050,128798.392077434
902125120,92825.0478126045
902201130,122165.842531191
902202070,115408.777868906
902301030,133744.318893491
902301130,110079.514675584
902303100,143400.525752179
902304040,131128.453898109
902305010,130203.70554387
902330090,202116.869662301
902408080,190007.807461253
902427040,111408.541972167
902427140,92597.7291819933
903204030,126342.504187927
903206170,168645.461976285
903233030,130635.669617905
903233140,130989.96742512
903234160,108361.831838341
903236130,176352.019738706
903425280,137524.7501819
903430040,85028.3860064196
903475040,130903.550080294
903476100,87589.5405881558
903484080,71589.8137292778
905100060,132341.929333834
905100080,156802.574454872
905103110,127264.221809962
905105040,118606.104128586
905105170,124127.19442972
905228020,87916.9276862451
905352180,239263.026748733
905401020,268359.551299423
905451390,146403.688870179
905480090,92675.9148190895
905480180,122437.487562923
906201022,196666.237264593
906201023,264848.36333357
906203140,284955.729280812
906378120,256144.234113471
906378150,280807.97976973
906378170,228124.425366648
906380040,254003.339016975
906382020,217512.250545209
906392080,174615.065224024
907125040,156185.003141353
907135050,145368.997834463
907135080,158717.500125956
907180040,214884.277804113
907187060,204656.220225601
907192040,222619.020928013
907192120,213948.563098815
907200190,137624.200720393
907200250,152916.433646604
907203110,130431.014189848
907227100,116699.267025929
907250050,285367.191315586
907260050,229033.005031399
907262020,194329.410417365
907275080,219945.708832501
907275150,306023.530328071
907295040,244901.716348843
907401060,203234.062146885
907414070,182625.239348986
908102160,133358.404715889
908152060,132593.0749975
908152180,141723.776767929
908186050,145774.097227897
908204180,80639.9545225162
908275200,105400.853060097
908275240,101025.430963517
908276230,111880.427290205
909176080,176240.550056973
909176170,151244.051667606
909254100,150321.878985255
909275110,188893.23218412
909282020,218070.13745776
909425140,259366.32983041
909428120,225540.890033993
909428180,198007.309762916
909451130,125407.607310894
909475070,247019.602963236
910200040,117549.736652025
910201050,126247.834847228
910201180,162294.764469233
910205130,144291.5216713
911370450,270141.064342351
911370460,268892.152620907
914460020,211670.460265452
916384050,199647.674292615
916384150,248059.972224141
916386170,250689.310002059
916455010,202422.808290934
916455050,198675.208249773
916475020,265712.073609045
921128030,341903.176882632
923204050,153467.943396076
923228220,84293.2633586838
923228390,79662.0196781165
923230180,131343.347230515
526302040,147484.5594216
526303060,207549.857977833
527105060,190826.440610418
527107020,179700.302023365
527108010,283155.627365896
527108020,240012.854555001
527108030,237105.116209469
527108090,229540.088242278
527163020,181539.080089413
527190050,217600.013609232
527190220,235553.821982781
527216010,434819.81090925
527216050,366411.388484785
527252090,278300.322989401
527254070,317020.985613824
527256120,444136.054193872
527301010,197077.789022078
527302080,251660.159929376
527325160,231439.695299695
527327080,177953.278375181
527328010,157099.390045773
527377030,166134.442676687
527378010,153428.431705546
527402380,104783.776640778
527450460,105157.378346017
527451460,102925.669565495
527451520,98559.7117658149
527452310,139949.668198659
527455100,143622.791841904
528102080,426403.941312623
528106010,328790.961386998
528112010,260530.991968411
528118020,309075.901947322
528120110,275254.833224796
528138030,360408.160335171
528172150,275633.886482302
528174080,212814.682859809
528180080,269086.344412712
528181030,191750.065166733
528186110,275800.067211302
528188040,179837.626292935
528228325,194249.180406648
528228550,167073.615237662
528228575,288413.974288557
528235130,183119.839841604
528240080,241248.159554105
528315070,269938.388280119
528327010,412755.487529529
528365090,306677.673410661
528366040,335366.601599245
528429060,243460.724939317
528429100,307352.852807666
528429130,276469.747544713
528445010,203293.185572217
528477010,431115.205060785
528480070,262390.87516219
528480110,193559.792927954
528488110,192842.136894379
528488120,189815.826613974
531363080,140083.465452538
531367010,184211.240573119
531376030,183807.274488916
531379030,196149.451709413
531452210,149303.487667312
532353180,167447.990524214
532376250,125934.34369313
532378050,131373.162202905
532378130,105961.217955655
532378220,126663.292596756
533206040,171921.517464204
533208050,206317.821249425
533212100,146215.042329645
533241010,185151.751377398
534175100,162715.21638983
534275010,132031.688028639
534276010,124261.743478079
534276230,150724.3930824
534403440,157720.877766093
534428060,141601.511252724
534451120,88621.7648264506
534476100,136716.212242037
534479130,155442.9172588
535103070,161760.120873562
535105160,114865.143422648
535125060,208815.736105973
535151130,146859.563041992
535179050,145391.735700008
535180020,154661.134798663
535304020,136051.058234966
535353180,245384.251668768
535354130,127190.087184338
535381060,105515.405364711
535402070,153425.651636393
535403150,150084.23591472
535403200,127909.713811041
535404080,119115.632082649
535425040,187383.755847263
535425050,140155.090142845
535426195,197975.399306408
535450100,130942.131124923
535451190,119318.234969243
535451210,102528.898151298
535453160,124025.195457763
535454030,86083.034507556
535454060,89644.3506221367
902108060,101482.464235626
902109010,99186.095071007
902110120,117655.274018982
902110130,92780.7959319045
902128020,88132.4191946067
902204060,124462.416193672
902207080,131598.119843034
902301120,120616.199832754
902328100,151797.346910769
902329090,140104.174053557
902406030,115453.692060411
902456015,69704.3877746759
903202120,136598.397037662
903206160,171894.138802821
903231070,128774.442119337
903231220,102008.473756098
903425340,119136.649477656
903455090,127611.688171584
903456060,96451.9238659515
903458010,105636.630255875
904100030,143841.149867965
904100090,159787.76023199
904101040,131716.018764824
904302020,94248.8914622072
905100030,137426.288925137
905101450,143843.756266173
905105010,138389.531865499
905107220,168085.569310412
905201090,151975.367685372
905225080,210642.043777371
905300080,145326.720406104
905351150,210748.338174403
905402110,131260.326910503
905403050,106974.638411441
905426100,170932.106885211
905426150,193736.159547564
905427030,332751.045900848
905451410,130191.164782932
905475150,132046.043145161
905477010,98929.8007606505
905480160,107364.754415911
906202040,173473.448301665
906223180,220650.358734217
906225180,208255.505383236
906382040,205621.876958221
906382050,258536.560589627
906392100,231384.522353783
906394010,209201.232525951
906394040,217701.306715542
906420020,217195.726533745
906475050,179851.004299476
907125020,147435.761170299
907175060,214465.196071407
907201160,147969.056527431
907202140,132835.955898896
907252050,212195.959669976
907254050,202607.443879701
907275030,222623.691709948
907290080,239886.53826571
907290260,232729.177844695
907418020,174137.125061649
908128100,179068.354483799
908186060,144060.526808829
908188110,132095.668462329
908188140,132100.707608295
908227010,93834.1886875611
908227040,90803.1764415511
908275290,108315.647855513
909101050,117406.89070525
909103020,91186.0458110494
909131125,136112.962300841
909175030,153634.882743971
909250070,158992.313519654
909250120,152749.546595689
909250210,125469.933358792
909253080,156915.067806269
909254070,189342.500891391
909256010,153540.700780042
909276010,208233.063896742
909475020,230059.70276721
910200020,91810.2099830646
910200060,134746.633413743
910207110,95100.3084894108
911175430,51937.7146116889
911370430,326950.832332691
914476050,146623.478207038
914476130,150369.338011591
914476500,199535.560855286
916252170,146715.5159095
916326010,207536.002992474
916460070,194146.578761381
916475100,344467.13027063
916477010,344953.99651544
921205050,339927.090855408
923125030,93947.9959497205
923203100,183819.895966169
923225510,131519.453769359
923226150,151007.974969801
923226290,74689.5926020598
923228210,82896.7979634988
923228310,83410.9092111141
924151050,222729.235037495
